2  30  90  3  30
0.0  36.59  29.26  0.0  0.0  0.0  120.0
1.0  2.49  25.53  0.0  0.0  0.0  120.0
2.0  7.69  8.46  0.5  1.0  23.0  38.0
3.0  28.72  32.2  0.5  1.0  18.0  33.0
4.0  18.58  27.0  0.5  1.0  18.0  33.0
5.0  19.6  19.11  0.5  1.0  53.0  68.0
6.0  15.48  31.14  0.5  1.0  44.0  59.0
7.0  11.03  24.24  0.5  1.0  77.0  92.0
8.0  2.08  8.13  0.5  1.0  74.0  89.0
9.0  17.49  23.78  0.5  1.0  0.0  120.0
10.0  28.53  18.49  0.5  1.0  0.0  120.0
11.0  15.66  8.35  0.5  1.0  0.0  120.0
12.0  16.45  8.95  0.5  1.0  0.0  120.0
13.0  9.38  10.63  0.5  1.0  0.0  120.0
14.0  14.14  30.3  0.5  1.0  0.0  120.0
15.0  5.69  33.36  0.5  1.0  0.0  120.0
16.0  11.46  32.69  0.5  1.0  0.0  120.0
17.0  1.47  29.72  0.0  0.0  97.0  112.0
18.0  39.69  4.59  0.0  0.0  102.0  117.0
19.0  14.11  5.87  0.5  -1.0  0.0  120.0
20.0  14.31  28.39  0.5  -1.0  0.0  120.0
21.0  30.26  33.38  0.5  -1.0  0.0  120.0
22.0  25.6  19.71  0.5  -1.0  0.0  120.0
23.0  3.51  26.66  0.5  -1.0  0.0  120.0
24.0  6.63  16.41  0.5  -1.0  0.0  120.0
25.0  1.17  15.15  0.5  -1.0  0.0  120.0
26.0  12.15  21.78  0.5  -1.0  10.0  25.0
27.0  28.18  30.49  0.5  -1.0  52.0  67.0
28.0  19.76  11.8  0.5  -1.0  11.0  26.0
29.0  29.62  8.95  0.5  -1.0  65.0  80.0
30.0  1.8  9.42  0.5  -1.0  74.0  89.0
31.0  19.71  36.04  0.5  -1.0  98.0  113.0
32.0  10.6  38.41  0.5  -1.0  8.0  23.0
33.0  11.32  21.05  0.5  -1.0  60.0  75.0