6  100  90  3  30
0.0  35.88  32.48  0.0  0.0  0.0  120.0
1.0  3.07  5.68  0.0  0.0  0.0  120.0
2.0  38.59  11.99  0.0  0.0  0.0  120.0
3.0  3.5  25.46  0.0  0.0  0.0  120.0
4.0  37.44  6.3  0.0  0.0  0.0  120.0
5.0  4.87  18.86  0.0  0.0  0.0  120.0
6.0  5.97  19.22  0.5  1.0  54.0  69.0
7.0  16.08  3.97  0.5  1.0  80.0  95.0
8.0  22.37  2.14  0.5  1.0  52.0  67.0
9.0  9.74  32.62  0.5  1.0  29.0  44.0
10.0  26.49  21.84  0.5  1.0  98.0  113.0
11.0  19.75  5.4  0.5  1.0  67.0  82.0
12.0  23.79  34.86  0.5  1.0  82.0  97.0
13.0  23.69  16.39  0.5  1.0  46.0  61.0
14.0  16.04  9.14  0.5  1.0  59.0  74.0
15.0  7.81  17.13  0.5  1.0  21.0  36.0
16.0  7.88  37.85  0.5  1.0  13.0  28.0
17.0  0.51  9.85  0.5  1.0  69.0  84.0
18.0  5.48  35.81  0.5  1.0  31.0  46.0
19.0  9.29  37.6  0.5  1.0  43.0  58.0
20.0  22.36  29.29  0.5  1.0  63.0  78.0
21.0  4.77  26.17  0.5  1.0  67.0  82.0
22.0  23.93  34.21  0.5  1.0  47.0  62.0
23.0  5.5  3.79  0.5  1.0  79.0  94.0
24.0  1.37  36.83  0.5  1.0  2.0  17.0
25.0  15.68  2.66  0.5  1.0  29.0  44.0
26.0  18.17  16.58  0.5  1.0  40.0  55.0
27.0  1.04  37.54  0.5  1.0  30.0  45.0
28.0  1.61  12.99  0.5  1.0  7.0  22.0
29.0  1.41  17.84  0.5  1.0  89.0  104.0
30.0  20.0  36.82  0.5  1.0  26.0  41.0
31.0  0.91  26.34  0.5  1.0  0.0  120.0
32.0  13.23  4.98  0.5  1.0  0.0  120.0
33.0  3.76  2.8  0.5  1.0  0.0  120.0
34.0  11.74  13.21  0.5  1.0  0.0  120.0
35.0  18.8  5.9  0.5  1.0  0.0  120.0
36.0  17.13  0.55  0.5  1.0  0.0  120.0
37.0  14.41  21.6  0.5  1.0  0.0  120.0
38.0  14.62  22.32  0.5  1.0  0.0  120.0
39.0  13.13  6.33  0.5  1.0  0.0  120.0
40.0  6.2  30.57  0.5  1.0  0.0  120.0
41.0  18.88  36.01  0.5  1.0  0.0  120.0
42.0  22.65  1.81  0.5  1.0  0.0  120.0
43.0  2.75  27.87  0.5  1.0  0.0  120.0
44.0  15.46  33.57  0.5  1.0  0.0  120.0
45.0  11.94  39.66  0.5  1.0  0.0  120.0
46.0  27.68  26.73  0.5  1.0  0.0  120.0
47.0  8.77  32.05  0.5  1.0  0.0  120.0
48.0  1.09  14.82  0.5  1.0  0.0  120.0
49.0  9.15  34.6  0.5  1.0  0.0  120.0
50.0  24.58  10.48  0.5  1.0  0.0  120.0
51.0  18.66  35.42  0.5  1.0  0.0  120.0
52.0  4.04  23.2  0.5  1.0  0.0  120.0
53.0  5.77  21.8  0.5  1.0  0.0  120.0
54.0  13.76  19.33  0.5  1.0  0.0  120.0
55.0  24.76  30.43  0.5  1.0  0.0  120.0
56.0  2.3  20.6  0.0  0.0  96.0  111.0
57.0  35.87  11.24  0.0  0.0  92.0  107.0
58.0  2.76  21.64  0.0  0.0  93.0  108.0
59.0  36.4  3.09  0.0  0.0  102.0  117.0
60.0  2.4  2.62  0.0  0.0  103.0  118.0
61.0  36.73  25.88  0.0  0.0  100.0  115.0
62.0  10.7  14.51  0.5  -1.0  0.0  120.0
63.0  23.27  4.69  0.5  -1.0  0.0  120.0
64.0  23.07  12.04  0.5  -1.0  0.0  120.0
65.0  14.29  28.09  0.5  -1.0  0.0  120.0
66.0  30.49  16.97  0.5  -1.0  0.0  120.0
67.0  8.74  1.27  0.5  -1.0  0.0  120.0
68.0  12.69  38.81  0.5  -1.0  0.0  120.0
69.0  24.73  31.06  0.5  -1.0  0.0  120.0
70.0  24.56  2.2  0.5  -1.0  0.0  120.0
71.0  1.33  7.91  0.5  -1.0  0.0  120.0
72.0  7.74  26.93  0.5  -1.0  0.0  120.0
73.0  0.21  20.01  0.5  -1.0  0.0  120.0
74.0  5.35  25.61  0.5  -1.0  0.0  120.0
75.0  7.34  28.54  0.5  -1.0  0.0  120.0
76.0  28.03  28.82  0.5  -1.0  0.0  120.0
77.0  0.84  31.57  0.5  -1.0  0.0  120.0
78.0  20.05  22.19  0.5  -1.0  0.0  120.0
79.0  4.29  8.97  0.5  -1.0  0.0  120.0
80.0  14.05  36.83  0.5  -1.0  0.0  120.0
81.0  13.8  10.7  0.5  -1.0  0.0  120.0
82.0  16.8  4.48  0.5  -1.0  0.0  120.0
83.0  15.26  38.97  0.5  -1.0  0.0  120.0
84.0  6.36  11.07  0.5  -1.0  0.0  120.0
85.0  1.26  5.79  0.5  -1.0  0.0  120.0
86.0  29.23  36.82  0.5  -1.0  0.0  120.0
87.0  10.27  34.22  0.5  -1.0  94.0  109.0
88.0  10.34  0.87  0.5  -1.0  61.0  76.0
89.0  13.46  3.77  0.5  -1.0  52.0  67.0
90.0  7.55  5.75  0.5  -1.0  35.0  50.0
91.0  26.84  16.03  0.5  -1.0  101.0  116.0
92.0  4.54  3.65  0.5  -1.0  49.0  64.0
93.0  1.95  26.03  0.5  -1.0  87.0  102.0
94.0  23.18  25.94  0.5  -1.0  78.0  93.0
95.0  9.16  17.94  0.5  -1.0  27.0  42.0
96.0  1.37  35.0  0.5  -1.0  30.0  45.0
97.0  8.33  38.61  0.5  -1.0  102.0  117.0
98.0  17.24  2.58  0.5  -1.0  68.0  83.0
99.0  8.75  26.76  0.5  -1.0  18.0  33.0
100.0  21.75  32.4  0.5  -1.0  71.0  86.0
101.0  18.21  37.13  0.5  -1.0  93.0  108.0
102.0  32.67  14.52  0.5  -1.0  55.0  70.0
103.0  17.64  36.9  0.5  -1.0  56.0  71.0
104.0  4.37  18.95  0.5  -1.0  76.0  91.0
105.0  5.63  38.54  0.5  -1.0  98.0  113.0
106.0  37.42  5.3  0.5  -1.0  16.0  31.0
107.0  6.33  38.46  0.5  -1.0  43.0  58.0
108.0  3.75  33.05  0.5  -1.0  96.0  111.0
109.0  0.52  22.02  0.5  -1.0  74.0  89.0
110.0  8.54  19.55  0.5  -1.0  62.0  77.0
111.0  23.35  17.93  0.5  -1.0  14.0  29.0