2  20  90  3  30
0.0  35.19  19.63  0.0  0.0  0.0  120.0
1.0  2.62  8.78  0.0  0.0  0.0  120.0
2.0  14.73  5.66  0.5  1.0  27.0  42.0
3.0  7.21  3.86  0.5  1.0  57.0  72.0
4.0  13.61  4.25  0.5  1.0  76.0  91.0
5.0  21.77  8.45  0.5  1.0  69.0  84.0
6.0  19.61  26.57  0.5  1.0  13.0  28.0
7.0  22.37  30.09  0.5  1.0  0.0  120.0
8.0  21.41  22.03  0.5  1.0  0.0  120.0
9.0  6.1  5.59  0.5  1.0  0.0  120.0
10.0  12.93  22.37  0.5  1.0  0.0  120.0
11.0  2.61  17.86  0.5  1.0  0.0  120.0
12.0  3.86  8.88  0.0  0.0  102.0  117.0
13.0  36.21  1.95  0.0  0.0  90.0  105.0
14.0  26.96  4.64  0.5  -1.0  0.0  120.0
15.0  7.87  13.17  0.5  -1.0  0.0  120.0
16.0  13.39  11.73  0.5  -1.0  0.0  120.0
17.0  22.21  14.64  0.5  -1.0  0.0  120.0
18.0  7.92  24.7  0.5  -1.0  0.0  120.0
19.0  24.85  34.96  0.5  -1.0  63.0  78.0
20.0  19.57  29.91  0.5  -1.0  59.0  74.0
21.0  7.06  19.17  0.5  -1.0  33.0  48.0
22.0  19.33  17.16  0.5  -1.0  87.0  102.0
23.0  5.62  10.48  0.5  -1.0  43.0  58.0