3  40  90  3  30
0.0  3.69  31.03  0.0  0.0  0.0  120.0
1.0  35.24  18.45  0.0  0.0  0.0  120.0
2.0  2.68  15.49  0.0  0.0  0.0  120.0
3.0  14.79  3.47  0.5  1.0  83.0  98.0
4.0  18.0  6.13  0.5  1.0  21.0  36.0
5.0  25.28  31.02  0.5  1.0  62.0  77.0
6.0  25.52  1.61  0.5  1.0  32.0  47.0
7.0  9.19  25.31  0.5  1.0  39.0  54.0
8.0  11.0  16.95  0.5  1.0  51.0  66.0
9.0  14.41  13.5  0.5  1.0  22.0  37.0
10.0  10.04  6.72  0.5  1.0  94.0  109.0
11.0  27.52  2.65  0.5  1.0  52.0  67.0
12.0  11.47  5.25  0.5  1.0  12.0  27.0
13.0  15.11  34.13  0.5  1.0  0.0  120.0
14.0  28.13  2.92  0.5  1.0  0.0  120.0
15.0  8.38  14.23  0.5  1.0  0.0  120.0
16.0  24.24  0.29  0.5  1.0  0.0  120.0
17.0  17.59  14.4  0.5  1.0  0.0  120.0
18.0  4.88  15.04  0.5  1.0  0.0  120.0
19.0  19.3  30.84  0.5  1.0  0.0  120.0
20.0  5.03  27.51  0.5  1.0  0.0  120.0
21.0  7.1  39.25  0.5  1.0  0.0  120.0
22.0  22.77  9.85  0.5  1.0  0.0  120.0
23.0  38.06  20.1  0.0  0.0  90.0  105.0
24.0  0.22  1.33  0.0  0.0  100.0  115.0
25.0  38.36  5.17  0.0  0.0  97.0  112.0
26.0  14.61  9.77  0.5  -1.0  0.0  120.0
27.0  21.95  11.1  0.5  -1.0  0.0  120.0
28.0  27.98  16.77  0.5  -1.0  0.0  120.0
29.0  28.55  12.53  0.5  -1.0  0.0  120.0
30.0  9.03  12.49  0.5  -1.0  0.0  120.0
31.0  4.2  9.07  0.5  -1.0  0.0  120.0
32.0  19.85  9.07  0.5  -1.0  0.0  120.0
33.0  10.4  11.86  0.5  -1.0  0.0  120.0
34.0  27.17  14.74  0.5  -1.0  0.0  120.0
35.0  3.59  2.3  0.5  -1.0  0.0  120.0
36.0  15.63  28.21  0.5  -1.0  45.0  60.0
37.0  33.53  4.01  0.5  -1.0  71.0  86.0
38.0  4.21  4.7  0.5  -1.0  84.0  99.0
39.0  23.47  6.2  0.5  -1.0  86.0  101.0
40.0  19.91  20.37  0.5  -1.0  83.0  98.0
41.0  11.0  17.63  0.5  -1.0  18.0  33.0
42.0  32.05  27.13  0.5  -1.0  96.0  111.0
43.0  14.6  27.51  0.5  -1.0  72.0  87.0
44.0  9.09  28.76  0.5  -1.0  23.0  38.0
45.0  34.38  5.17  0.5  -1.0  78.0  93.0