4  60  90  3  30
0.0  37.45  28.65  0.0  0.0  0.0  120.0
1.0  3.25  24.24  0.0  0.0  0.0  120.0
2.0  1.33  5.45  0.0  0.0  0.0  120.0
3.0  37.13  16.01  0.0  0.0  0.0  120.0
4.0  27.32  22.46  0.5  1.0  54.0  69.0
5.0  22.98  12.99  0.5  1.0  70.0  85.0
6.0  5.51  10.93  0.5  1.0  50.0  65.0
7.0  1.54  19.08  0.5  1.0  80.0  95.0
8.0  13.07  7.09  0.5  1.0  9.0  24.0
9.0  13.37  4.13  0.5  1.0  16.0  31.0
10.0  12.64  4.97  0.5  1.0  33.0  48.0
11.0  6.68  33.75  0.5  1.0  72.0  87.0
12.0  29.2  30.59  0.5  1.0  5.0  20.0
13.0  23.04  8.35  0.5  1.0  48.0  63.0
14.0  15.95  26.26  0.5  1.0  44.0  59.0
15.0  23.39  10.01  0.5  1.0  73.0  88.0
16.0  7.66  8.27  0.5  1.0  32.0  47.0
17.0  12.78  3.98  0.5  1.0  1.0  16.0
18.0  16.62  2.1  0.5  1.0  51.0  66.0
19.0  9.74  17.42  0.5  1.0  0.0  120.0
20.0  28.77  15.26  0.5  1.0  0.0  120.0
21.0  7.44  5.76  0.5  1.0  0.0  120.0
22.0  27.37  39.25  0.5  1.0  0.0  120.0
23.0  9.76  28.88  0.5  1.0  0.0  120.0
24.0  24.67  14.49  0.5  1.0  0.0  120.0
25.0  15.91  28.13  0.5  1.0  0.0  120.0
26.0  4.72  15.13  0.5  1.0  0.0  120.0
27.0  26.44  9.05  0.5  1.0  0.0  120.0
28.0  7.11  14.53  0.5  1.0  0.0  120.0
29.0  22.35  27.6  0.5  1.0  0.0  120.0
30.0  5.42  22.42  0.5  1.0  0.0  120.0
31.0  2.57  32.2  0.5  1.0  0.0  120.0
32.0  2.26  6.81  0.5  1.0  0.0  120.0
33.0  18.01  27.78  0.5  1.0  0.0  120.0
34.0  2.23  35.93  0.0  0.0  101.0  116.0
35.0  36.16  30.89  0.0  0.0  99.0  114.0
36.0  39.33  24.77  0.0  0.0  100.0  115.0
37.0  4.5  30.9  0.0  0.0  95.0  110.0
38.0  17.22  28.54  0.5  -1.0  0.0  120.0
39.0  16.48  1.44  0.5  -1.0  0.0  120.0
40.0  8.49  3.63  0.5  -1.0  0.0  120.0
41.0  10.86  16.37  0.5  -1.0  0.0  120.0
42.0  5.7  4.33  0.5  -1.0  0.0  120.0
43.0  7.74  16.43  0.5  -1.0  0.0  120.0
44.0  21.48  4.23  0.5  -1.0  0.0  120.0
45.0  1.67  38.34  0.5  -1.0  0.0  120.0
46.0  18.55  31.03  0.5  -1.0  0.0  120.0
47.0  15.4  9.44  0.5  -1.0  0.0  120.0
48.0  26.56  35.2  0.5  -1.0  0.0  120.0
49.0  29.73  22.46  0.5  -1.0  0.0  120.0
50.0  12.03  13.78  0.5  -1.0  0.0  120.0
51.0  11.54  13.5  0.5  -1.0  0.0  120.0
52.0  11.0  14.37  0.5  -1.0  0.0  120.0
53.0  7.36  24.37  0.5  -1.0  94.0  109.0
54.0  20.87  16.39  0.5  -1.0  24.0  39.0
55.0  4.28  1.27  0.5  -1.0  82.0  97.0
56.0  31.93  36.24  0.5  -1.0  71.0  86.0
57.0  13.88  24.78  0.5  -1.0  31.0  46.0
58.0  35.87  16.76  0.5  -1.0  86.0  101.0
59.0  11.4  17.83  0.5  -1.0  40.0  55.0
60.0  14.71  8.54  0.5  -1.0  56.0  71.0
61.0  39.49  9.05  0.5  -1.0  78.0  93.0
62.0  11.0  18.54  0.5  -1.0  97.0  112.0
63.0  27.95  38.6  0.5  -1.0  77.0  92.0
64.0  11.3  11.33  0.5  -1.0  46.0  61.0
65.0  3.49  21.72  0.5  -1.0  98.0  113.0
66.0  4.15  13.63  0.5  -1.0  39.0  54.0
67.0  20.38  21.97  0.5  -1.0  37.0  52.0